5026.231514230711
4802.268760318877
4656.46391357222
4680.317433088445
4374.490439061547
4485.939370884031
4426.832872533641
4133.8032177056375
4124.947373411244
4055.4381022537873
3827.2922518989762
3801.1001262711543
3973.275419310814
3880.5820158431925
3756.988138014767
3863.21121614387
3801.0380693451007
3404.5317694232076
3562.4892786191194
3335.396566353076
3321.4305386160777
3344.7125216519125
3399.8777415870472
3487.3874069569156
3592.5555143011297
3197.563193747301
2919.890180127742
3125.6276786496683
2962.7949162807245
3194.1288181597556
