0.3069936421435059
0.3079019073569482
0.30881017257039056
0.3097184377838329
0.3133514986376022
0.3133514986376022
0.31607629427792916
0.3206176203451408
0.3178928247048138
0.3206176203451408
0.3188010899182561
0.31607629427792916
0.31970935513169846
0.3260672116257947
0.3224341507720254
0.31970935513169846
0.32334241598546776
0.32334241598546776
0.32334241598546776
0.3242506811989101
0.3178928247048138
0.3188010899182561
0.3215258855585831
0.3242506811989101
0.3260672116257947
0.3224341507720254
0.32334241598546776
0.3260672116257947
0.32515894641235243
0.3260672116257947
