3003.7587623945537
3084.100438387708
3066.929585446349
2890.8994907394335
2940.8709926536976
2960.5526312815973
2992.4494643527973
2956.280893189338
2818.61877511061
2724.0726871720844
2830.098471321549
2725.8997049140453
2550.2122644924216
2602.716538173517
2697.4670979394887
2629.952212214205
2772.298534727088
2594.209538930822
2363.1852594306383
2281.262979824838
2381.7178255274375
2466.031776209078
2457.8305294973125
2463.483991883857
2457.6708366040475
2317.8084496403226
2324.176642162118
2310.0575740405325
2140.3678208839265
2276.8268011102027
