2044.76712642656
2230.7534796931923
2146.9204371552014
2019.5348736444867
2031.118523690348
2193.2587983380345
2210.014170859283
2152.263676909366
1912.529557273518
1907.1681146538176
1944.763490354244
2050.4919679791246
1904.8255662148895
1970.752580819877
1963.5174193788043
1922.9086125168242
1808.297940460645
1833.0042171951682
1897.003942239152
1757.4305904179128
1793.533885359131
1785.522933524997
1762.3210274252124
1727.0189025419788
1798.7928264113907
1742.3932583851479
1585.6094760469787
1795.8781463938794
1561.9703169926925
1640.6916706096763
