0.28337874659400547
0.28792007266121705
0.28428701180744775
0.28973660308810173
0.28701180744777477
0.28792007266121705
0.29336966394187103
0.29518619436875565
0.29427792915531337
0.2924613987284287
0.29427792915531337
0.29427792915531337
0.29518619436875565
0.29155313351498635
0.29518619436875565
0.2970027247956403
0.29518619436875565
0.298819255222525
0.29791099000908267
0.2924613987284287
0.30154405086285196
0.2970027247956403
0.298819255222525
0.29791099000908267
0.30154405086285196
0.30154405086285196
0.3033605812897366
0.30517711171662126
0.3024523160762943
0.3106267029972752
