0.21798365122615804
0.22161671207992734
0.23160762942779292
0.23978201634877383
0.24250681198910082
0.24159854677565848
0.2452316076294278
0.24704813805631246
0.2488646684831971
0.25522252497729336
0.25340599455040874
0.2579473206176203
0.2615803814713896
0.25885558583106266
0.2615803814713896
0.2615803814713896
0.2670299727520436
0.2706630336058129
0.26975476839237056
0.26975476839237056
0.2706630336058129
0.2724795640326976
0.2724795640326976
0.2761126248864669
0.2779291553133515
0.2815622161671208
0.28701180744777477
0.28428701180744775
0.2779291553133515
0.28428701180744775
